{
 "cells": [
  {
   "cell_type": "markdown",
   "metadata": {},
   "source": [
    "# Evaluation"
   ]
  },
  {
   "cell_type": "code",
   "execution_count": 1,
   "metadata": {},
   "outputs": [],
   "source": [
    "import pandas as pd\n",
    "import numpy as np\n",
    "import matplotlib.pyplot as plt\n",
    "from scipy.stats import entropy\n",
    "from scipy.stats import ks_2samp\n",
    "import seaborn as sns\n",
    "import matplotlib.dates as mdates\n",
    "np.set_printoptions(suppress=True)"
   ]
  },
  {
   "cell_type": "code",
   "execution_count": 2,
   "metadata": {},
   "outputs": [
    {
     "data": {
      "text/html": [
       "<div>\n",
       "<style scoped>\n",
       "    .dataframe tbody tr th:only-of-type {\n",
       "        vertical-align: middle;\n",
       "    }\n",
       "\n",
       "    .dataframe tbody tr th {\n",
       "        vertical-align: top;\n",
       "    }\n",
       "\n",
       "    .dataframe thead th {\n",
       "        text-align: right;\n",
       "    }\n",
       "</style>\n",
       "<table border=\"1\" class=\"dataframe\">\n",
       "  <thead>\n",
       "    <tr style=\"text-align: right;\">\n",
       "      <th></th>\n",
       "      <th>brent</th>\n",
       "      <th>crude</th>\n",
       "      <th>gasoline</th>\n",
       "      <th>heating</th>\n",
       "      <th>gas</th>\n",
       "      <th>natural</th>\n",
       "    </tr>\n",
       "  </thead>\n",
       "  <tbody>\n",
       "    <tr>\n",
       "      <th>brent</th>\n",
       "      <td>1.000000</td>\n",
       "      <td>0.448360</td>\n",
       "      <td>0.553440</td>\n",
       "      <td>0.844944</td>\n",
       "      <td>0.690006</td>\n",
       "      <td>0.111087</td>\n",
       "    </tr>\n",
       "    <tr>\n",
       "      <th>crude</th>\n",
       "      <td>0.448360</td>\n",
       "      <td>1.000000</td>\n",
       "      <td>0.288894</td>\n",
       "      <td>0.400785</td>\n",
       "      <td>0.331081</td>\n",
       "      <td>-0.041827</td>\n",
       "    </tr>\n",
       "    <tr>\n",
       "      <th>gasoline</th>\n",
       "      <td>0.553440</td>\n",
       "      <td>0.288894</td>\n",
       "      <td>1.000000</td>\n",
       "      <td>0.547840</td>\n",
       "      <td>0.364071</td>\n",
       "      <td>0.120775</td>\n",
       "    </tr>\n",
       "    <tr>\n",
       "      <th>heating</th>\n",
       "      <td>0.844944</td>\n",
       "      <td>0.400785</td>\n",
       "      <td>0.547840</td>\n",
       "      <td>1.000000</td>\n",
       "      <td>0.763319</td>\n",
       "      <td>0.182472</td>\n",
       "    </tr>\n",
       "    <tr>\n",
       "      <th>gas</th>\n",
       "      <td>0.690006</td>\n",
       "      <td>0.331081</td>\n",
       "      <td>0.364071</td>\n",
       "      <td>0.763319</td>\n",
       "      <td>1.000000</td>\n",
       "      <td>0.139762</td>\n",
       "    </tr>\n",
       "    <tr>\n",
       "      <th>natural</th>\n",
       "      <td>0.111087</td>\n",
       "      <td>-0.041827</td>\n",
       "      <td>0.120775</td>\n",
       "      <td>0.182472</td>\n",
       "      <td>0.139762</td>\n",
       "      <td>1.000000</td>\n",
       "    </tr>\n",
       "  </tbody>\n",
       "</table>\n",
       "</div>"
      ],
      "text/plain": [
       "             brent     crude  gasoline   heating       gas   natural\n",
       "brent     1.000000  0.448360  0.553440  0.844944  0.690006  0.111087\n",
       "crude     0.448360  1.000000  0.288894  0.400785  0.331081 -0.041827\n",
       "gasoline  0.553440  0.288894  1.000000  0.547840  0.364071  0.120775\n",
       "heating   0.844944  0.400785  0.547840  1.000000  0.763319  0.182472\n",
       "gas       0.690006  0.331081  0.364071  0.763319  1.000000  0.139762\n",
       "natural   0.111087 -0.041827  0.120775  0.182472  0.139762  1.000000"
      ]
     },
     "execution_count": 2,
     "metadata": {},
     "output_type": "execute_result"
    }
   ],
   "source": [
    "returns_test = pd.read_csv('data/returns_test.csv', index_col=0)\n",
    "returns_test['type'] = 'real'\n",
    "returns_test.corr()"
   ]
  },
  {
   "cell_type": "code",
   "execution_count": 3,
   "metadata": {},
   "outputs": [
    {
     "data": {
      "text/html": [
       "<div>\n",
       "<style scoped>\n",
       "    .dataframe tbody tr th:only-of-type {\n",
       "        vertical-align: middle;\n",
       "    }\n",
       "\n",
       "    .dataframe tbody tr th {\n",
       "        vertical-align: top;\n",
       "    }\n",
       "\n",
       "    .dataframe thead th {\n",
       "        text-align: right;\n",
       "    }\n",
       "</style>\n",
       "<table border=\"1\" class=\"dataframe\">\n",
       "  <thead>\n",
       "    <tr style=\"text-align: right;\">\n",
       "      <th></th>\n",
       "      <th>brent</th>\n",
       "      <th>crude</th>\n",
       "      <th>gasoline</th>\n",
       "      <th>heating</th>\n",
       "      <th>gas</th>\n",
       "      <th>natural</th>\n",
       "    </tr>\n",
       "  </thead>\n",
       "  <tbody>\n",
       "    <tr>\n",
       "      <th>brent</th>\n",
       "      <td>1.000000</td>\n",
       "      <td>0.852484</td>\n",
       "      <td>0.726298</td>\n",
       "      <td>0.852165</td>\n",
       "      <td>0.656464</td>\n",
       "      <td>0.181653</td>\n",
       "    </tr>\n",
       "    <tr>\n",
       "      <th>crude</th>\n",
       "      <td>0.852484</td>\n",
       "      <td>1.000000</td>\n",
       "      <td>0.618484</td>\n",
       "      <td>0.744001</td>\n",
       "      <td>0.576149</td>\n",
       "      <td>0.169473</td>\n",
       "    </tr>\n",
       "    <tr>\n",
       "      <th>gasoline</th>\n",
       "      <td>0.726298</td>\n",
       "      <td>0.618484</td>\n",
       "      <td>1.000000</td>\n",
       "      <td>0.592361</td>\n",
       "      <td>0.527207</td>\n",
       "      <td>0.162037</td>\n",
       "    </tr>\n",
       "    <tr>\n",
       "      <th>heating</th>\n",
       "      <td>0.852165</td>\n",
       "      <td>0.744001</td>\n",
       "      <td>0.592361</td>\n",
       "      <td>1.000000</td>\n",
       "      <td>0.632463</td>\n",
       "      <td>0.211249</td>\n",
       "    </tr>\n",
       "    <tr>\n",
       "      <th>gas</th>\n",
       "      <td>0.656464</td>\n",
       "      <td>0.576149</td>\n",
       "      <td>0.527207</td>\n",
       "      <td>0.632463</td>\n",
       "      <td>1.000000</td>\n",
       "      <td>0.152165</td>\n",
       "    </tr>\n",
       "    <tr>\n",
       "      <th>natural</th>\n",
       "      <td>0.181653</td>\n",
       "      <td>0.169473</td>\n",
       "      <td>0.162037</td>\n",
       "      <td>0.211249</td>\n",
       "      <td>0.152165</td>\n",
       "      <td>1.000000</td>\n",
       "    </tr>\n",
       "  </tbody>\n",
       "</table>\n",
       "</div>"
      ],
      "text/plain": [
       "             brent     crude  gasoline   heating       gas   natural\n",
       "brent     1.000000  0.852484  0.726298  0.852165  0.656464  0.181653\n",
       "crude     0.852484  1.000000  0.618484  0.744001  0.576149  0.169473\n",
       "gasoline  0.726298  0.618484  1.000000  0.592361  0.527207  0.162037\n",
       "heating   0.852165  0.744001  0.592361  1.000000  0.632463  0.211249\n",
       "gas       0.656464  0.576149  0.527207  0.632463  1.000000  0.152165\n",
       "natural   0.181653  0.169473  0.162037  0.211249  0.152165  1.000000"
      ]
     },
     "execution_count": 3,
     "metadata": {},
     "output_type": "execute_result"
    }
   ],
   "source": [
    "gen_t_copula = pd.read_csv('data/gen_t_copula.csv', index_col=0)\n",
    "gen_t_copula['type'] = 't_copula'\n",
    "gen_t_copula.corr()"
   ]
  },
  {
   "cell_type": "code",
   "execution_count": 4,
   "metadata": {},
   "outputs": [
    {
     "data": {
      "text/html": [
       "<div>\n",
       "<style scoped>\n",
       "    .dataframe tbody tr th:only-of-type {\n",
       "        vertical-align: middle;\n",
       "    }\n",
       "\n",
       "    .dataframe tbody tr th {\n",
       "        vertical-align: top;\n",
       "    }\n",
       "\n",
       "    .dataframe thead th {\n",
       "        text-align: right;\n",
       "    }\n",
       "</style>\n",
       "<table border=\"1\" class=\"dataframe\">\n",
       "  <thead>\n",
       "    <tr style=\"text-align: right;\">\n",
       "      <th></th>\n",
       "      <th>brent</th>\n",
       "      <th>crude</th>\n",
       "      <th>gasoline</th>\n",
       "      <th>heating</th>\n",
       "      <th>gas</th>\n",
       "      <th>natural</th>\n",
       "    </tr>\n",
       "  </thead>\n",
       "  <tbody>\n",
       "    <tr>\n",
       "      <th>brent</th>\n",
       "      <td>1.000000</td>\n",
       "      <td>0.855330</td>\n",
       "      <td>0.706689</td>\n",
       "      <td>0.865960</td>\n",
       "      <td>0.625819</td>\n",
       "      <td>0.181656</td>\n",
       "    </tr>\n",
       "    <tr>\n",
       "      <th>crude</th>\n",
       "      <td>0.855330</td>\n",
       "      <td>1.000000</td>\n",
       "      <td>0.633157</td>\n",
       "      <td>0.758610</td>\n",
       "      <td>0.564247</td>\n",
       "      <td>0.177443</td>\n",
       "    </tr>\n",
       "    <tr>\n",
       "      <th>gasoline</th>\n",
       "      <td>0.706689</td>\n",
       "      <td>0.633157</td>\n",
       "      <td>1.000000</td>\n",
       "      <td>0.650946</td>\n",
       "      <td>0.470341</td>\n",
       "      <td>0.170815</td>\n",
       "    </tr>\n",
       "    <tr>\n",
       "      <th>heating</th>\n",
       "      <td>0.865960</td>\n",
       "      <td>0.758610</td>\n",
       "      <td>0.650946</td>\n",
       "      <td>1.000000</td>\n",
       "      <td>0.635395</td>\n",
       "      <td>0.206004</td>\n",
       "    </tr>\n",
       "    <tr>\n",
       "      <th>gas</th>\n",
       "      <td>0.625819</td>\n",
       "      <td>0.564247</td>\n",
       "      <td>0.470341</td>\n",
       "      <td>0.635395</td>\n",
       "      <td>1.000000</td>\n",
       "      <td>0.130661</td>\n",
       "    </tr>\n",
       "    <tr>\n",
       "      <th>natural</th>\n",
       "      <td>0.181656</td>\n",
       "      <td>0.177443</td>\n",
       "      <td>0.170815</td>\n",
       "      <td>0.206004</td>\n",
       "      <td>0.130661</td>\n",
       "      <td>1.000000</td>\n",
       "    </tr>\n",
       "  </tbody>\n",
       "</table>\n",
       "</div>"
      ],
      "text/plain": [
       "             brent     crude  gasoline   heating       gas   natural\n",
       "brent     1.000000  0.855330  0.706689  0.865960  0.625819  0.181656\n",
       "crude     0.855330  1.000000  0.633157  0.758610  0.564247  0.177443\n",
       "gasoline  0.706689  0.633157  1.000000  0.650946  0.470341  0.170815\n",
       "heating   0.865960  0.758610  0.650946  1.000000  0.635395  0.206004\n",
       "gas       0.625819  0.564247  0.470341  0.635395  1.000000  0.130661\n",
       "natural   0.181656  0.177443  0.170815  0.206004  0.130661  1.000000"
      ]
     },
     "execution_count": 4,
     "metadata": {},
     "output_type": "execute_result"
    }
   ],
   "source": [
    "gen_t_copulaKDE = pd.read_csv('data/gen_t_copulaKDE.csv', index_col=0)\n",
    "gen_t_copulaKDE['type'] = 't_copulaKDE'\n",
    "gen_t_copulaKDE.corr()"
   ]
  },
  {
   "cell_type": "code",
   "execution_count": 5,
   "metadata": {},
   "outputs": [
    {
     "data": {
      "text/html": [
       "<div>\n",
       "<style scoped>\n",
       "    .dataframe tbody tr th:only-of-type {\n",
       "        vertical-align: middle;\n",
       "    }\n",
       "\n",
       "    .dataframe tbody tr th {\n",
       "        vertical-align: top;\n",
       "    }\n",
       "\n",
       "    .dataframe thead th {\n",
       "        text-align: right;\n",
       "    }\n",
       "</style>\n",
       "<table border=\"1\" class=\"dataframe\">\n",
       "  <thead>\n",
       "    <tr style=\"text-align: right;\">\n",
       "      <th></th>\n",
       "      <th>brent</th>\n",
       "      <th>crude</th>\n",
       "      <th>gasoline</th>\n",
       "      <th>heating</th>\n",
       "      <th>gas</th>\n",
       "      <th>natural</th>\n",
       "    </tr>\n",
       "  </thead>\n",
       "  <tbody>\n",
       "    <tr>\n",
       "      <th>brent</th>\n",
       "      <td>1.000000</td>\n",
       "      <td>0.866131</td>\n",
       "      <td>0.752598</td>\n",
       "      <td>0.880242</td>\n",
       "      <td>0.644880</td>\n",
       "      <td>0.207722</td>\n",
       "    </tr>\n",
       "    <tr>\n",
       "      <th>crude</th>\n",
       "      <td>0.866131</td>\n",
       "      <td>1.000000</td>\n",
       "      <td>0.681445</td>\n",
       "      <td>0.787721</td>\n",
       "      <td>0.583232</td>\n",
       "      <td>0.209827</td>\n",
       "    </tr>\n",
       "    <tr>\n",
       "      <th>gasoline</th>\n",
       "      <td>0.752598</td>\n",
       "      <td>0.681445</td>\n",
       "      <td>1.000000</td>\n",
       "      <td>0.705232</td>\n",
       "      <td>0.483430</td>\n",
       "      <td>0.164808</td>\n",
       "    </tr>\n",
       "    <tr>\n",
       "      <th>heating</th>\n",
       "      <td>0.880242</td>\n",
       "      <td>0.787721</td>\n",
       "      <td>0.705232</td>\n",
       "      <td>1.000000</td>\n",
       "      <td>0.658731</td>\n",
       "      <td>0.217602</td>\n",
       "    </tr>\n",
       "    <tr>\n",
       "      <th>gas</th>\n",
       "      <td>0.644880</td>\n",
       "      <td>0.583232</td>\n",
       "      <td>0.483430</td>\n",
       "      <td>0.658731</td>\n",
       "      <td>1.000000</td>\n",
       "      <td>0.126739</td>\n",
       "    </tr>\n",
       "    <tr>\n",
       "      <th>natural</th>\n",
       "      <td>0.207722</td>\n",
       "      <td>0.209827</td>\n",
       "      <td>0.164808</td>\n",
       "      <td>0.217602</td>\n",
       "      <td>0.126739</td>\n",
       "      <td>1.000000</td>\n",
       "    </tr>\n",
       "  </tbody>\n",
       "</table>\n",
       "</div>"
      ],
      "text/plain": [
       "             brent     crude  gasoline   heating       gas   natural\n",
       "brent     1.000000  0.866131  0.752598  0.880242  0.644880  0.207722\n",
       "crude     0.866131  1.000000  0.681445  0.787721  0.583232  0.209827\n",
       "gasoline  0.752598  0.681445  1.000000  0.705232  0.483430  0.164808\n",
       "heating   0.880242  0.787721  0.705232  1.000000  0.658731  0.217602\n",
       "gas       0.644880  0.583232  0.483430  0.658731  1.000000  0.126739\n",
       "natural   0.207722  0.209827  0.164808  0.217602  0.126739  1.000000"
      ]
     },
     "execution_count": 5,
     "metadata": {},
     "output_type": "execute_result"
    }
   ],
   "source": [
    "gen_gbm = pd.read_csv('data/gen_gbm.csv', index_col=0)\n",
    "gen_gbm['type'] = 'GBM'\n",
    "gen_gbm.corr()"
   ]
  },
  {
   "cell_type": "code",
   "execution_count": 6,
   "metadata": {},
   "outputs": [
    {
     "data": {
      "text/html": [
       "<div>\n",
       "<style scoped>\n",
       "    .dataframe tbody tr th:only-of-type {\n",
       "        vertical-align: middle;\n",
       "    }\n",
       "\n",
       "    .dataframe tbody tr th {\n",
       "        vertical-align: top;\n",
       "    }\n",
       "\n",
       "    .dataframe thead th {\n",
       "        text-align: right;\n",
       "    }\n",
       "</style>\n",
       "<table border=\"1\" class=\"dataframe\">\n",
       "  <thead>\n",
       "    <tr style=\"text-align: right;\">\n",
       "      <th></th>\n",
       "      <th>brent</th>\n",
       "      <th>crude</th>\n",
       "      <th>gasoline</th>\n",
       "      <th>heating</th>\n",
       "      <th>gas</th>\n",
       "      <th>natural</th>\n",
       "    </tr>\n",
       "  </thead>\n",
       "  <tbody>\n",
       "    <tr>\n",
       "      <th>brent</th>\n",
       "      <td>1.000000</td>\n",
       "      <td>0.829463</td>\n",
       "      <td>0.730697</td>\n",
       "      <td>0.838497</td>\n",
       "      <td>0.615977</td>\n",
       "      <td>0.202764</td>\n",
       "    </tr>\n",
       "    <tr>\n",
       "      <th>crude</th>\n",
       "      <td>0.829463</td>\n",
       "      <td>1.000000</td>\n",
       "      <td>0.675291</td>\n",
       "      <td>0.757584</td>\n",
       "      <td>0.571328</td>\n",
       "      <td>0.205073</td>\n",
       "    </tr>\n",
       "    <tr>\n",
       "      <th>gasoline</th>\n",
       "      <td>0.730697</td>\n",
       "      <td>0.675291</td>\n",
       "      <td>1.000000</td>\n",
       "      <td>0.705998</td>\n",
       "      <td>0.506422</td>\n",
       "      <td>0.182264</td>\n",
       "    </tr>\n",
       "    <tr>\n",
       "      <th>heating</th>\n",
       "      <td>0.838497</td>\n",
       "      <td>0.757584</td>\n",
       "      <td>0.705998</td>\n",
       "      <td>1.000000</td>\n",
       "      <td>0.630973</td>\n",
       "      <td>0.202218</td>\n",
       "    </tr>\n",
       "    <tr>\n",
       "      <th>gas</th>\n",
       "      <td>0.615977</td>\n",
       "      <td>0.571328</td>\n",
       "      <td>0.506422</td>\n",
       "      <td>0.630973</td>\n",
       "      <td>1.000000</td>\n",
       "      <td>0.133013</td>\n",
       "    </tr>\n",
       "    <tr>\n",
       "      <th>natural</th>\n",
       "      <td>0.202764</td>\n",
       "      <td>0.205073</td>\n",
       "      <td>0.182264</td>\n",
       "      <td>0.202218</td>\n",
       "      <td>0.133013</td>\n",
       "      <td>1.000000</td>\n",
       "    </tr>\n",
       "  </tbody>\n",
       "</table>\n",
       "</div>"
      ],
      "text/plain": [
       "             brent     crude  gasoline   heating       gas   natural\n",
       "brent     1.000000  0.829463  0.730697  0.838497  0.615977  0.202764\n",
       "crude     0.829463  1.000000  0.675291  0.757584  0.571328  0.205073\n",
       "gasoline  0.730697  0.675291  1.000000  0.705998  0.506422  0.182264\n",
       "heating   0.838497  0.757584  0.705998  1.000000  0.630973  0.202218\n",
       "gas       0.615977  0.571328  0.506422  0.630973  1.000000  0.133013\n",
       "natural   0.202764  0.205073  0.182264  0.202218  0.133013  1.000000"
      ]
     },
     "execution_count": 6,
     "metadata": {},
     "output_type": "execute_result"
    }
   ],
   "source": [
    "gen_tgan = pd.read_csv('data/gen_tgan.csv', index_col=0)\n",
    "gen_tgan['type'] = 'tgan'\n",
    "gen_tgan.corr()"
   ]
  },
  {
   "cell_type": "markdown",
   "metadata": {},
   "source": [
    "## Price paths"
   ]
  },
  {
   "cell_type": "code",
   "execution_count": 7,
   "metadata": {},
   "outputs": [
    {
     "data": {
      "text/plain": [
       "brent        55.4900\n",
       "crude        52.4200\n",
       "gasoline      1.5702\n",
       "heating       1.6459\n",
       "gas         489.5000\n",
       "natural       3.2040\n",
       "Name: 2017-01-22 00:00:00, dtype: float64"
      ]
     },
     "execution_count": 7,
     "metadata": {},
     "output_type": "execute_result"
    }
   ],
   "source": [
    "prices = pd.read_csv('data/prices.csv', index_col=0)\n",
    "prices.index = pd.to_datetime(prices.index)\n",
    "start_price = prices.iloc[2432]\n",
    "start_price"
   ]
  },
  {
   "cell_type": "code",
   "execution_count": 8,
   "metadata": {},
   "outputs": [],
   "source": [
    "real_prices = [start_price.brent]\n",
    "for r in returns_test.brent:\n",
    "    real_prices.append(real_prices[-1] + r*real_prices[-1])"
   ]
  },
  {
   "cell_type": "code",
   "execution_count": 9,
   "metadata": {},
   "outputs": [],
   "source": [
    "def plot_path(gen_set): \n",
    "    fig, ax = plt.subplots(figsize=(7, 4))\n",
    "    i_space = np.arange(0, len(gen_set.brent), 1043)\n",
    "    for i in i_space:\n",
    "        gbm_prices = [start_price.brent]\n",
    "        for r in gen_set.brent.iloc[i:i+1043]:\n",
    "            gbm_prices.append(gbm_prices[-1] + r*gbm_prices[-1])\n",
    "        ax.plot(prices.index[-len(gbm_prices):], gbm_prices, c='tab:blue', alpha=0.3)\n",
    "    ax.plot(prices.index[-len(real_prices):], real_prices)\n",
    "\n",
    "    fig.autofmt_xdate()\n",
    "    ax.xaxis.set_major_locator(mdates.MonthLocator(interval=6))\n",
    "    plt.ylim(-50, 200)"
   ]
  },
  {
   "cell_type": "code",
   "execution_count": 10,
   "metadata": {},
   "outputs": [
    {
     "data": {
